Cl_pop,1,0.0569938,nan,0.108288,0.0204459,0.0258524,nan,0.392236,0.0224406,-0.0984656,0.0705687,0.00133043
V1_pop,0.0569938,1,nan,0.00663016,0.00393202,-0.00676329,nan,0.0375538,-0.00106372,-0.00269655,-0.00171756,-9.39832e-05
V2_pop,nan,nan,nan,nan,nan,nan,nan,nan,nan,nan,nan,nan
S_pop,0.108288,0.00663016,nan,1,-0.198156,-0.00704005,nan,-0.229063,0.00661975,-0.281876,0.0217669,0.0114668
R0_pop,0.0204459,0.00393202,nan,-0.198156,1,-0.0503515,nan,0.0709983,-0.00259052,0.0843233,-0.00433178,-0.00184349
gamma_pop,0.0258524,-0.00676329,nan,-0.00704005,-0.0503515,1,nan,-0.0520455,0.00786985,-0.122136,0.00788834,-0.0125372
MTT_pop,nan,nan,nan,nan,nan,nan,nan,nan,nan,nan,nan,nan
omega_Cl,0.392236,0.0375538,nan,-0.229063,0.0709983,-0.0520455,nan,1,0.0310284,0.212118,-0.0317889,0.00714324
omega_V1,0.0224406,-0.00106372,nan,0.00661975,-0.00259052,0.00786985,nan,0.0310284,1,-0.000897902,-0.00354703,0.00100014
omega_S,-0.0984656,-0.00269655,nan,-0.281876,0.0843233,-0.122136,nan,0.212118,-0.000897902,1,-0.0265586,-0.0181926
bPK_central_drug_concentration,0.0705687,-0.00171756,nan,0.0217669,-0.00433178,0.00788834,nan,-0.0317889,-0.00354703,-0.0265586,1,0.000192918
acirculating_R,0.00133043,-9.39832e-05,nan,0.0114668,-0.00184349,-0.0125372,nan,0.00714324,0.00100014,-0.0181926,0.000192918,1
