Cl_pop,2.28547e-06,4.17752e-06,nan,8.6153e-07,2.95901e-08,3.48493e-08,nan,1.13585e-06,1.17544e-06,-9.02738e-07,1.44135e-07,1.26207e-06
V1_pop,4.17752e-06,0.00235075,nan,1.69171e-06,1.82503e-07,-2.92393e-07,nan,3.48773e-06,-1.78692e-06,-7.92867e-07,-1.12508e-07,-2.85927e-06
V2_pop,nan,nan,nan,nan,nan,nan,nan,nan,nan,nan,nan,nan
S_pop,8.6153e-07,1.69171e-06,nan,2.76949e-05,-9.98291e-07,-3.30355e-08,nan,-2.3091e-06,1.20703e-06,-8.99597e-06,1.54762e-07,3.78656e-05
R0_pop,2.95901e-08,1.82503e-07,nan,-9.98291e-07,9.16435e-07,-4.29802e-08,nan,1.30192e-07,-8.59242e-08,4.89539e-07,-5.60255e-09,-1.10737e-06
gamma_pop,3.48493e-08,-2.92393e-07,nan,-3.30355e-08,-4.29802e-08,7.95079e-07,nan,-8.88946e-08,2.43136e-07,-6.60445e-07,9.50297e-09,-7.01466e-06
MTT_pop,nan,nan,nan,nan,nan,nan,nan,nan,nan,nan,nan,nan
omega_Cl,1.13585e-06,3.48773e-06,nan,-2.3091e-06,1.30192e-07,-8.88946e-08,nan,3.66922e-06,2.05932e-06,2.46407e-06,-8.2268e-08,8.58586e-06
omega_V1,1.17544e-06,-1.78692e-06,nan,1.20703e-06,-8.59242e-08,2.43136e-07,nan,2.05932e-06,0.00120048,-1.88667e-07,-1.6604e-07,2.1744e-05
omega_S,-9.02738e-07,-7.92867e-07,nan,-8.99597e-06,4.89539e-07,-6.60445e-07,nan,2.46407e-06,-1.88667e-07,3.67772e-05,-2.17602e-07,-6.92286e-05
bPK_central_drug_concentration,1.44135e-07,-1.12508e-07,nan,1.54762e-07,-5.60255e-09,9.50297e-09,nan,-8.2268e-08,-1.6604e-07,-2.17602e-07,1.82531e-06,1.63547e-07
acirculating_R,1.26207e-06,-2.85927e-06,nan,3.78656e-05,-1.10737e-06,-7.01466e-06,nan,8.58586e-06,2.1744e-05,-6.92286e-05,1.63547e-07,0.393735
