Cl_pop,nan,nan,nan,nan,nan,nan,nan,nan,nan,nan,nan,nan,nan
V1_pop,nan,0.00234716,3.29472e-05,3.19807e-05,-1.90201e-06,2.22667e-06,9.42104e-06,-4.07338e-06,-0.000133423,9.42056e-05,6.17072e-06,1.95097e-06,-0.00043271
V2_pop,nan,3.29472e-05,5.46576e-05,4.29658e-05,-2.61478e-06,3.20071e-06,1.30724e-05,3.11941e-06,-0.000187297,0.000129791,9.22673e-06,3.33214e-06,-0.00059647
S_pop,nan,3.19807e-05,4.29658e-05,9.30626e-05,-5.31246e-06,3.98826e-06,2.07473e-05,3.46119e-06,-0.000292409,0.000204013,1.3805e-05,4.33814e-06,-0.000997093
R0_pop,nan,-1.90201e-06,-2.61478e-06,-5.31246e-06,1.19959e-06,-3.36022e-07,-1.41011e-06,-2.76549e-07,1.88932e-05,-1.26815e-05,-8.87691e-07,-2.7498e-07,7.32425e-05
gamma_pop,nan,2.22667e-06,3.20071e-06,3.98826e-06,-3.36022e-07,1.17037e-06,1.58295e-06,2.12175e-07,-1.94891e-05,1.28543e-05,9.14618e-07,2.93677e-07,-6.4058e-05
MTT_pop,nan,9.42104e-06,1.30724e-05,2.07473e-05,-1.41011e-06,1.58295e-06,6.84783e-06,9.13738e-07,-8.73481e-05,5.81285e-05,4.11321e-06,1.29044e-06,-0.000291007
omega_V1,nan,-4.07338e-06,3.11941e-06,3.46119e-06,-2.76549e-07,2.12175e-07,9.13738e-07,0.00118167,-1.55708e-05,1.094e-05,8.01116e-07,1.1298e-07,-6.07503e-05
omega_V2,nan,-0.000133423,-0.000187297,-0.000292409,1.88932e-05,-1.94891e-05,-8.73481e-05,-1.55708e-05,0.00130261,-0.000846473,-5.99715e-05,-1.90879e-05,0.0042518
omega_S,nan,9.42056e-05,0.000129791,0.000204013,-1.26815e-05,1.28543e-05,5.81285e-05,1.094e-05,-0.000846473,0.00060911,3.89677e-05,1.27399e-05,-0.00283175
omega_MTT,nan,6.17072e-06,9.22673e-06,1.3805e-05,-8.87691e-07,9.14618e-07,4.11321e-06,8.01116e-07,-5.99715e-05,3.89677e-05,3.62642e-06,8.96595e-07,-0.000211915
bPK_central_drug_concentration,nan,1.95097e-06,3.33214e-06,4.33814e-06,-2.7498e-07,2.93677e-07,1.29044e-06,1.1298e-07,-1.90879e-05,1.27399e-05,8.96595e-07,2.0983e-06,-6.21134e-05
acirculating_R,nan,-0.00043271,-0.00059647,-0.000997093,7.32425e-05,-6.4058e-05,-0.000291007,-6.07503e-05,0.0042518,-0.00283175,-0.000211915,-6.21134e-05,0.407245
