Cl_pop,1,0.0897017,0.571301,0.141798,-0.252158,0.0967349,0.17553,0.0238888,0.00268896,-0.129091,-0.661132,-0.46255,0.137423,0.0666831
V1_pop,0.0897017,1,0.0723631,0.0118704,-0.0321009,0.0144512,0.00263111,-0.000286899,0.00933553,-0.0271058,-0.0692183,-0.0531318,0.0108759,0.00703299
S_pop,0.571301,0.0723631,1,-0.0416543,-0.324021,0.275447,-0.1998,-0.0282645,0.365484,-0.231478,-0.423951,-0.632,0.128087,0.0287286
R0_pop,0.141798,0.0118704,-0.0416543,1,-0.312888,-0.333014,0.275034,0.0163008,-0.176347,-0.132076,-0.241767,0.0124333,-0.030206,0.0657014
gamma_pop,-0.252158,-0.0321009,-0.324021,-0.312888,1,0.392257,0.0751309,0.0186003,-0.158741,0.251311,0.186685,0.222739,-0.0335239,-0.0379575
MTT_pop,0.0967349,0.0144512,0.275447,-0.333014,0.392257,1,-0.0395139,0.0127776,-0.0188291,0.222365,-0.213695,-0.366538,0.0528812,-0.0217009
omega_Cl,0.17553,0.00263111,-0.1998,0.275034,0.0751309,-0.0395139,1,0.0822284,-0.624847,0.146953,-0.48498,-0.0491886,-0.0988505,0.0857219
omega_V1,0.0238888,-0.000286899,-0.0282645,0.0163008,0.0186003,0.0127776,0.0822284,1,-0.0737323,0.0369606,-0.0624912,0.000918651,-0.00945986,0.00710567
omega_S,0.00268896,0.00933553,0.365484,-0.176347,-0.158741,-0.0188291,-0.624847,-0.0737323,1,-0.360835,0.347909,-0.016312,0.0784122,-0.0530191
omega_R0,-0.129091,-0.0271058,-0.231478,-0.132076,0.251311,0.222365,0.146953,0.0369606,-0.360835,1,-0.041068,0.0777332,-0.0234467,-0.0573568
omega_gamma,-0.661132,-0.0692183,-0.423951,-0.241767,0.186685,-0.213695,-0.48498,-0.0624912,0.347909,-0.041068,1,0.506261,-0.0514257,-0.101563
omega_MTT,-0.46255,-0.0531318,-0.632,0.0124333,0.222739,-0.366538,-0.0491886,0.000918651,-0.016312,0.0777332,0.506261,1,-0.0805822,-0.0582582
bPK_central_drug_concentration,0.137423,0.0108759,0.128087,-0.030206,-0.0335239,0.0528812,-0.0988505,-0.00945986,0.0784122,-0.0234467,-0.0514257,-0.0805822,1,-0.00176441
acirculating_R,0.0666831,0.00703299,0.0287286,0.0657014,-0.0379575,-0.0217009,0.0857219,0.00710567,-0.0530191,-0.0573568,-0.101563,-0.0582582,-0.00176441,1
