Cl_pop,1,0.301676,0.989569,-0.869819,nan,0.955243,0.982821,0.224842,0.917762,-0.577625,nan,-0.835774,0.10365,0.104018
V1_pop,0.301676,1,0.297633,-0.265505,nan,0.291794,0.297196,0.0692683,0.270536,-0.171939,nan,-0.253296,0.0271167,0.0316817
S_pop,0.989569,0.297633,1,-0.866535,nan,0.952489,0.982143,0.220803,0.942214,-0.566747,nan,-0.834609,0.0949624,0.101312
R0_pop,-0.869819,-0.265505,-0.866535,1,nan,-0.912685,-0.899302,-0.223476,-0.714417,0.311718,nan,0.826025,-0.0704978,-0.0922199
gamma_pop,nan,nan,nan,nan,nan,nan,nan,nan,nan,nan,nan,nan,nan,nan
MTT_pop,0.955243,0.291794,0.952489,-0.912685,nan,1,0.979891,0.236241,0.823138,-0.436251,nan,-0.829641,0.0757422,0.0993764
omega_Cl,0.982821,0.297196,0.982143,-0.899302,nan,0.979891,1,0.232912,0.891177,-0.502035,nan,-0.830646,0.0822653,0.101324
omega_V1,0.224842,0.0692683,0.220803,-0.223476,nan,0.236241,0.232912,1,0.179571,-0.0872078,nan,-0.202399,0.0142767,0.0240733
omega_S,0.917762,0.270536,0.942214,-0.714417,nan,0.823138,0.891177,0.179571,1,-0.663921,nan,-0.714204,0.0950395,0.0909678
omega_R0,-0.577625,-0.171939,-0.566747,0.311718,nan,-0.436251,-0.502035,-0.0872078,-0.663921,1,nan,0.346944,-0.0884112,-0.0961782
omega_gamma,nan,nan,nan,nan,nan,nan,nan,nan,nan,nan,nan,nan,nan,nan
omega_MTT,-0.835774,-0.253296,-0.834609,0.826025,nan,-0.829641,-0.830646,-0.202399,-0.714204,0.346944,nan,1,-0.0850697,-0.0993138
bPK_central_drug_concentration,0.10365,0.0271167,0.0949624,-0.0704978,nan,0.0757422,0.0822653,0.0142767,0.0950395,-0.0884112,nan,-0.0850697,1,0.0111785
acirculating_R,0.104018,0.0316817,0.101312,-0.0922199,nan,0.0993764,0.101324,0.0240733,0.0909678,-0.0961782,nan,-0.0993138,0.0111785,1
