Cl_pop,0.000146471,0.000185307,0.000655145,-2.64146e-05,nan,6.56259e-05,0.000245237,9.71511e-05,0.000268694,-1.26262e-05,nan,-2.0565e-05,1.70188e-06,0.000795977
V1_pop,0.000185307,0.00257602,0.000826362,-3.38132e-05,nan,8.4069e-05,0.000310994,0.000125517,0.000332162,-1.57616e-05,nan,-2.61375e-05,1.86721e-06,0.00101671
S_pop,0.000655145,0.000826362,0.00299247,-0.000118943,nan,0.000295774,0.00110771,0.000431234,0.00124685,-5.59958e-05,nan,-9.2824e-05,7.0477e-06,0.00350421
R0_pop,-2.64146e-05,-3.38132e-05,-0.000118943,6.29621e-06,nan,-1.30001e-05,-4.65243e-05,-2.002e-05,-4.33653e-05,1.41271e-06,nan,4.214e-06,-2.39992e-07,-0.000146312
gamma_pop,nan,nan,nan,nan,nan,nan,nan,nan,nan,nan,nan,nan,nan,nan
MTT_pop,6.56259e-05,8.4069e-05,0.000295774,-1.30001e-05,nan,3.22233e-05,0.000114683,4.78779e-05,0.000113034,-4.47273e-06,nan,-9.57497e-06,5.83316e-07,0.000356683
omega_Cl,0.000245237,0.000310994,0.00110771,-4.65243e-05,nan,0.000114683,0.000425079,0.000171444,0.000444477,-1.86948e-05,nan,-3.48187e-05,2.30108e-06,0.00132087
omega_V1,9.71511e-05,0.000125517,0.000431234,-2.002e-05,nan,4.78779e-05,0.000171444,0.00127464,0.000155089,-5.62343e-06,nan,-1.46914e-05,6.91517e-07,0.000543431
omega_S,0.000268694,0.000332162,0.00124685,-4.33653e-05,nan,0.000113034,0.000444477,0.000155089,0.000585196,-2.90081e-05,nan,-3.51265e-05,3.11914e-06,0.0013914
omega_R0,-1.26262e-05,-1.57616e-05,-5.59958e-05,1.41271e-06,nan,-4.47273e-06,-1.86948e-05,-5.62343e-06,-2.90081e-05,3.26215e-06,nan,1.27401e-06,-2.16641e-07,-0.000109836
omega_gamma,nan,nan,nan,nan,nan,nan,nan,nan,nan,nan,nan,nan,nan,nan
omega_MTT,-2.0565e-05,-2.61375e-05,-9.2824e-05,4.214e-06,nan,-9.57497e-06,-3.48187e-05,-1.46914e-05,-3.51265e-05,1.27401e-06,nan,4.13356e-06,-2.34649e-07,-0.000127669
bPK_central_drug_concentration,1.70188e-06,1.86721e-06,7.0477e-06,-2.39992e-07,nan,5.83316e-07,2.30108e-06,6.91517e-07,3.11914e-06,-2.16641e-07,nan,-2.34649e-07,1.84061e-06,9.58914e-06
acirculating_R,0.000795977,0.00101671,0.00350421,-0.000146312,nan,0.000356683,0.00132087,0.000543431,0.0013914,-0.000109836,nan,-0.000127669,9.58914e-06,0.399787
