Cl_pop,1,0.0623258,0.308418,-0.0856837,0.0260377,0.127989,nan,0.0135446,0.186513,0.195162,0.127432,-0.000227597,0.0182255,0.259085,0.0954187,-0.0124005
V1_pop,0.0623258,1,0.010949,0.0088726,-0.0123526,-0.00725503,nan,0.00291817,-0.00506509,0.0280061,-0.00576633,-0.000971165,0.0104725,0.0153482,0.00163335,-0.000775233
S_pop,0.308418,0.010949,1,-0.715559,-0.0167638,0.411707,nan,0.010175,0.500765,-0.146869,0.748961,-0.540159,0.313738,-0.0396262,0.0386237,-0.0304314
R0_pop,-0.0856837,0.0088726,-0.715559,1,-0.298094,-0.622571,nan,0.00557583,-0.620115,0.352454,-0.853795,0.595424,-0.221369,0.310305,-0.0101759,0.0210657
gamma_pop,0.0260377,-0.0123526,-0.0167638,-0.298094,1,0.754549,nan,-0.0296533,0.387849,-0.274339,0.232394,0.113003,-0.485984,-0.038303,-0.0157283,0.0238201
MTT_pop,0.127989,-0.00725503,0.411707,-0.622571,0.754549,1,nan,-0.0243313,0.622173,-0.31298,0.550924,-0.202437,-0.247697,-0.0617531,-0.00699034,0.00671476
omega_Cl,nan,nan,nan,nan,nan,nan,nan,nan,nan,nan,nan,nan,nan,nan,nan,nan
omega_V1,0.0135446,0.00291817,0.010175,0.00557583,-0.0296533,-0.0243313,nan,1,-0.00168491,0.0190257,-0.00138077,-0.000348783,0.0126761,0.000188453,-0.000351613,0.000141492
omega_Q,0.186513,-0.00506509,0.500765,-0.620115,0.387849,0.622173,nan,-0.00168491,1,-0.0223948,0.595916,-0.240965,-0.0479874,-0.0614284,-0.00770875,0.0128281
omega_V2,0.195162,0.0280061,-0.146869,0.352454,-0.274339,-0.31298,nan,0.0190257,-0.0223948,1,-0.293358,0.0901467,-0.0566059,0.187523,-0.0190998,0.0338378
omega_S,0.127432,-0.00576633,0.748961,-0.853795,0.232394,0.550924,nan,-0.00138077,0.595916,-0.293358,1,-0.516579,0.169285,-0.186687,0.0178014,-0.0308212
omega_R0,-0.000227597,-0.000971165,-0.540159,0.595424,0.113003,-0.202437,nan,-0.000348783,-0.240965,0.0901467,-0.516579,1,-0.473832,0.35971,0.00324381,0.00498704
omega_gamma,0.0182255,0.0104725,0.313738,-0.221369,-0.485984,-0.247697,nan,0.0126761,-0.0479874,-0.0566059,0.169285,-0.473832,1,-0.26861,0.023787,-0.0432334
omega_MTT,0.259085,0.0153482,-0.0396262,0.310305,-0.038303,-0.0617531,nan,0.000188453,-0.0614284,0.187523,-0.186687,0.35971,-0.26861,1,0.0213074,-0.0161312
bPK_central_drug_concentration,0.0954187,0.00163335,0.0386237,-0.0101759,-0.0157283,-0.00699034,nan,-0.000351613,-0.00770875,-0.0190998,0.0178014,0.00324381,0.023787,0.0213074,1,-0.0049899
acirculating_R,-0.0124005,-0.000775233,-0.0304314,0.0210657,0.0238201,0.00671476,nan,0.000141492,0.0128281,0.0338378,-0.0308212,0.00498704,-0.0432334,-0.0161312,-0.0049899,1
