Cl_pop,2.64506e-06,4.89919e-06,4.63131e-06,-3.22127e-07,2.0468e-07,3.70285e-07,nan,7.53107e-07,2.08396e-06,2.00453e-06,2.78613e-06,-5.05468e-10,9.71836e-08,4.29131e-07,2.0992e-07,-1.26858e-05
V1_pop,4.89919e-06,0.00233603,4.88608e-06,9.9129e-07,-2.8857e-06,-6.23771e-07,nan,4.82195e-06,-1.68186e-06,8.54853e-06,-3.74665e-06,-6.40977e-08,1.65954e-06,7.55484e-07,1.06788e-07,-2.35685e-05
S_pop,4.63131e-06,4.88608e-06,8.52496e-05,-1.52722e-05,-7.48124e-07,6.7621e-06,nan,3.21183e-06,3.17646e-05,-8.564e-06,9.2963e-05,-6.81049e-06,9.49751e-06,-3.72613e-07,4.82395e-07,-0.000176738
R0_pop,-3.22127e-07,9.9129e-07,-1.52722e-05,5.34345e-06,-3.33058e-06,-2.56004e-06,nan,4.40649e-07,-9.84795e-06,5.14532e-06,-2.65319e-05,1.87952e-06,-1.67774e-06,7.30516e-07,-3.18189e-08,3.06301e-05
gamma_pop,2.0468e-07,-2.8857e-06,-7.48124e-07,-3.33058e-06,2.3362e-05,6.48769e-06,nan,-4.90005e-06,1.2879e-05,-8.37417e-06,1.51003e-05,7.45858e-07,-7.70147e-06,-1.88546e-07,-1.02835e-07,7.24202e-05
MTT_pop,3.70285e-07,-6.23771e-07,6.7621e-06,-2.56004e-06,6.48769e-06,3.16442e-06,nan,-1.47974e-06,7.60362e-06,-3.51611e-06,1.31748e-05,-4.91752e-07,-1.44466e-06,-1.11876e-07,-1.68209e-08,7.51343e-06
omega_Cl,nan,nan,nan,nan,nan,nan,nan,nan,nan,nan,nan,nan,nan,nan,nan,nan
omega_V1,7.53107e-07,4.82195e-06,3.21183e-06,4.40649e-07,-4.90005e-06,-1.47974e-06,nan,0.00116881,-3.95742e-07,4.10782e-06,-6.34596e-07,-1.62831e-08,1.42087e-06,6.56154e-09,-1.62608e-08,3.04274e-06
omega_Q,2.08396e-06,-1.68186e-06,3.17646e-05,-9.84795e-06,1.2879e-05,7.60362e-06,nan,-3.95742e-07,4.71982e-05,-9.71648e-07,5.50367e-05,-2.26062e-06,-1.0809e-06,-4.29795e-07,-7.1639e-08,5.54351e-05
omega_V2,2.00453e-06,8.54853e-06,-8.564e-06,5.14532e-06,-8.37417e-06,-3.51611e-06,nan,4.10782e-06,-9.71648e-07,3.98839e-05,-2.49059e-05,7.77427e-07,-1.17208e-06,1.2061e-06,-1.63167e-07,0.00013442
omega_S,2.78613e-06,-3.74665e-06,9.2963e-05,-2.65319e-05,1.51003e-05,1.31748e-05,nan,-6.34596e-07,5.50367e-05,-2.49059e-05,0.000180721,-9.48312e-06,7.46139e-06,-2.55592e-06,3.23714e-07,-0.000260625
omega_R0,-5.05468e-10,-6.40977e-08,-6.81049e-06,1.87952e-06,7.45858e-07,-4.91752e-07,nan,-1.62831e-08,-2.26062e-06,7.77427e-07,-9.48312e-06,1.86475e-06,-2.12144e-06,5.00257e-07,5.99195e-09,4.28366e-06
omega_gamma,9.71836e-08,1.65954e-06,9.49751e-06,-1.67774e-06,-7.70147e-06,-1.44466e-06,nan,1.42087e-06,-1.0809e-06,-1.17208e-06,7.46139e-06,-2.12144e-06,1.07496e-05,-8.96908e-07,1.05497e-07,-8.91615e-05
omega_MTT,4.29131e-07,7.55484e-07,-3.72613e-07,7.30516e-07,-1.88546e-07,-1.11876e-07,nan,6.56154e-09,-4.29795e-07,1.2061e-06,-2.55592e-06,5.00257e-07,-8.96908e-07,1.03719e-06,2.93538e-08,-1.03337e-05
bPK_central_drug_concentration,2.0992e-07,1.06788e-07,4.82395e-07,-3.18189e-08,-1.02835e-07,-1.68209e-08,nan,-1.62608e-08,-7.1639e-08,-1.63167e-07,3.23714e-07,5.99195e-09,1.05497e-07,2.93538e-08,1.82981e-06,-4.24577e-06
acirculating_R,-1.26858e-05,-2.35685e-05,-0.000176738,3.06301e-05,7.24202e-05,7.51343e-06,nan,3.04274e-06,5.54351e-05,0.00013442,-0.000260625,4.28366e-06,-8.91615e-05,-1.03337e-05,-4.24577e-06,0.39566
