Cl_pop,1,0.0519997,0.280261,-0.245026,nan,0.255245,-0.166412,0.0157493,nan,-0.467587,0.256968,-0.307141,0.254168,-0.277119,0.0809313,-0.0167042
V1_pop,0.0519997,1,0.0114684,-0.00993667,nan,0.0139344,-0.0129426,0.000202512,nan,-0.0071511,0.0218588,0.00232215,0.00549865,-0.0277204,-0.000973865,-0.000290986
S_pop,0.280261,0.0114684,1,-0.400378,nan,0.177511,0.172131,0.0347159,nan,-0.307979,-0.211694,-0.183754,0.0815549,-0.105664,0.0189724,-0.00730628
R0_pop,-0.245026,-0.00993667,-0.400378,1,nan,-0.0818498,-0.153373,-0.0355823,nan,0.359999,-0.174113,0.402516,-0.0966893,0.010859,-0.0172321,0.00145663
gamma_pop,nan,nan,nan,nan,nan,nan,nan,nan,nan,nan,nan,nan,nan,nan,nan,nan
MTT_pop,0.255245,0.0139344,0.177511,-0.0818498,nan,1,0.100111,0.0128916,nan,-0.222712,-0.000379953,-0.214654,0.0946786,-0.152456,0.0264031,-0.00671973
omega_Cl,-0.166412,-0.0129426,0.172131,-0.153373,nan,0.100111,1,0.0373719,nan,-0.11467,-0.240337,-0.202493,-0.519974,0.153923,-0.047174,0.0127459
omega_V1,0.0157493,0.000202512,0.0347159,-0.0355823,nan,0.0128916,0.0373719,1,nan,-0.0419019,0.000203779,-0.0390701,0.00757855,-2.28707e-05,-0.00319703,-0.000744246
omega_Q,nan,nan,nan,nan,nan,nan,nan,nan,nan,nan,nan,nan,nan,nan,nan,nan
omega_V2,-0.467587,-0.0071511,-0.307979,0.359999,nan,-0.222712,-0.11467,-0.0419019,nan,1,-0.223679,0.694614,-0.276772,-0.103877,-0.0509802,0.0381397
omega_S,0.256968,0.0218588,-0.211694,-0.174113,nan,-0.000379953,-0.240337,0.000203779,nan,-0.223679,1,-0.0720582,0.206734,-0.0211534,0.0310349,-0.034465
omega_R0,-0.307141,0.00232215,-0.183754,0.402516,nan,-0.214654,-0.202493,-0.0390701,nan,0.694614,-0.0720582,1,-0.152327,-0.188401,-0.0241471,0.00674509
omega_gamma,0.254168,0.00549865,0.0815549,-0.0966893,nan,0.0946786,-0.519974,0.00757855,nan,-0.276772,0.206734,-0.152327,1,0.00439447,0.0470269,-0.0489995
omega_MTT,-0.277119,-0.0277204,-0.105664,0.010859,nan,-0.152456,0.153923,-2.28707e-05,nan,-0.103877,-0.0211534,-0.188401,0.00439447,1,-0.0211292,-0.0278489
bPK_central_drug_concentration,0.0809313,-0.000973865,0.0189724,-0.0172321,nan,0.0264031,-0.047174,-0.00319703,nan,-0.0509802,0.0310349,-0.0241471,0.0470269,-0.0211292,1,-0.00269425
acirculating_R,-0.0167042,-0.000290986,-0.00730628,0.00145663,nan,-0.00671973,0.0127459,-0.000744246,nan,0.0381397,-0.034465,0.00674509,-0.0489995,-0.0278489,-0.00269425,1
