Cl_pop,2.63273e-06,4.05137e-06,2.86876e-06,-3.68929e-07,nan,3.66089e-07,-5.28241e-07,8.674e-07,nan,-8.73218e-06,2.42396e-06,-5.88346e-07,1.19835e-06,-4.52903e-07,1.77143e-07,-1.70519e-05
V1_pop,4.05137e-06,0.00230566,3.47399e-06,-4.42757e-07,nan,5.91443e-07,-1.21581e-06,3.30069e-07,nan,-3.9521e-06,6.10196e-06,1.31637e-07,7.67205e-07,-1.3407e-06,-6.30812e-08,-8.7905e-06
S_pop,2.86876e-06,3.47399e-06,3.97976e-05,-2.34383e-06,nan,9.89878e-07,2.12439e-06,7.43383e-06,nan,-2.23618e-05,-7.76393e-06,-1.36854e-06,1.49498e-06,-6.71416e-07,1.61456e-07,-2.89981e-05
R0_pop,-3.68929e-07,-4.42757e-07,-2.34383e-06,8.61101e-07,nan,-6.71385e-08,-2.78434e-07,-1.12077e-06,nan,3.84491e-06,-9.393e-07,4.40963e-07,-2.60713e-07,1.01497e-08,-2.15709e-08,8.50394e-07
gamma_pop,nan,nan,nan,nan,nan,nan,nan,nan,nan,nan,nan,nan,nan,nan,nan,nan
MTT_pop,3.66089e-07,5.91443e-07,9.89878e-07,-6.71385e-08,nan,7.81365e-07,1.73122e-07,3.86802e-07,nan,-2.26584e-06,-1.95254e-09,-2.24005e-07,2.43185e-07,-1.35739e-07,3.14837e-08,-3.737e-06
omega_Cl,-5.28241e-07,-1.21581e-06,2.12439e-06,-2.78434e-07,nan,1.73122e-07,3.82728e-06,2.48168e-06,nan,-2.58199e-06,-2.73344e-06,-4.67678e-07,-2.95587e-06,3.03309e-07,-1.24495e-07,1.56877e-05
omega_V1,8.674e-07,3.30069e-07,7.43383e-06,-1.12077e-06,nan,3.86802e-07,2.48168e-06,0.00115216,nan,-1.63699e-05,4.02123e-08,-1.56564e-06,7.47481e-07,-7.81936e-10,-1.46388e-07,-1.58934e-05
omega_Q,nan,nan,nan,nan,nan,nan,nan,nan,nan,nan,nan,nan,nan,nan,nan,nan
omega_V2,-8.73218e-06,-3.9521e-06,-2.23618e-05,3.84491e-06,nan,-2.26584e-06,-2.58199e-06,-1.63699e-05,nan,0.000132469,-1.49668e-05,9.43827e-06,-9.25629e-06,-1.20424e-06,-7.91521e-07,0.000276172
omega_S,2.42396e-06,6.10196e-06,-7.76393e-06,-9.393e-07,nan,-1.95254e-09,-2.73344e-06,4.02123e-08,nan,-1.49668e-05,3.37979e-05,-4.9456e-07,3.49233e-06,-1.23868e-07,2.43388e-07,-0.000126057
omega_R0,-5.88346e-07,1.31637e-07,-1.36854e-06,4.40963e-07,nan,-2.24005e-07,-4.67678e-07,-1.56564e-06,nan,9.43827e-06,-4.9456e-07,1.39374e-06,-5.22548e-07,-2.24032e-07,-3.84557e-08,5.00983e-06
omega_gamma,1.19835e-06,7.67205e-07,1.49498e-06,-2.60713e-07,nan,2.43185e-07,-2.95587e-06,7.47481e-07,nan,-9.25629e-06,3.49233e-06,-5.22548e-07,8.44337e-06,1.28617e-08,1.84335e-07,-8.95763e-05
omega_MTT,-4.52903e-07,-1.3407e-06,-6.71416e-07,1.01497e-08,nan,-1.35739e-07,3.03309e-07,-7.81936e-10,nan,-1.20424e-06,-1.23868e-07,-2.24032e-07,1.28617e-08,1.01454e-06,-2.87092e-08,-1.76477e-05
bPK_central_drug_concentration,1.77143e-07,-6.30812e-08,1.61456e-07,-2.15709e-08,nan,3.14837e-08,-1.24495e-07,-1.46388e-07,nan,-7.91521e-07,2.43388e-07,-3.84557e-08,1.84335e-07,-2.87092e-08,1.81973e-06,-2.28657e-06
acirculating_R,-1.70519e-05,-8.7905e-06,-2.89981e-05,8.50394e-07,nan,-3.737e-06,1.56877e-05,-1.58934e-05,nan,0.000276172,-0.000126057,5.00983e-06,-8.95763e-05,-1.76477e-05,-2.28657e-06,0.395811
