Cl_pop,1,0.0674364,0.759816,0.228054,0.316556,0.212233,nan,0.0881253,0.185564,-0.0203566,0.278453,0.310203,nan,-0.0592622,-0.198637,-0.0740356,-0.0164756,0.0623312
V1_pop,0.0674364,1,0.0179023,0.129947,-0.034293,-0.128342,nan,0.154555,-0.139864,0.0122991,0.0542712,0.0193194,nan,0.149509,0.143,-0.139105,0.021866,-0.050721
Q_pop,0.759816,0.0179023,1,0.314411,0.449116,0.404121,nan,-0.149593,0.429407,-0.05207,0.230928,0.171473,nan,-0.332262,-0.457353,0.171926,-0.089655,0.157199
V2_pop,0.228054,0.129947,0.314411,1,-0.0268508,-0.344462,nan,0.489704,-0.384486,0.0219613,0.230825,0.00992537,nan,0.40246,0.38189,-0.420569,0.0875633,-0.131502
S_pop,0.316556,-0.034293,0.449116,-0.0268508,1,0.301767,nan,-0.218914,0.394308,-0.0565281,-0.0231093,-0.389356,nan,-0.405452,-0.42635,0.512222,-0.052177,0.136857
R0_pop,0.212233,-0.128342,0.404121,-0.344462,0.301767,1,nan,-0.78617,0.907271,-0.0737239,-0.0303621,0.177622,nan,-0.852802,-0.920792,0.667492,-0.156536,0.324327
gamma_pop,nan,nan,nan,nan,nan,nan,nan,nan,nan,nan,nan,nan,nan,nan,nan,nan,nan,nan
MTT_pop,0.0881253,0.154555,-0.149593,0.489704,-0.218914,-0.78617,nan,1,-0.781659,0.0661601,0.245723,0.040312,nan,0.895703,0.866367,-0.750563,0.144074,-0.312083
omega_Cl,0.185564,-0.139864,0.429407,-0.384486,0.394308,0.907271,nan,-0.781659,1,-0.0850872,-0.00668837,0.112658,nan,-0.860297,-0.947475,0.68524,-0.166415,0.327245
omega_V1,-0.0203566,0.0122991,-0.05207,0.0219613,-0.0565281,-0.0737239,nan,0.0661601,-0.0850872,1,0.0108982,0.0222175,nan,0.0792855,0.0852926,-0.0736403,0.00980273,-0.0290633
omega_Q,0.278453,0.0542712,0.230928,0.230825,-0.0231093,-0.0303621,nan,0.245723,-0.00668837,0.0108982,1,0.442759,nan,0.196734,0.0749252,-0.418354,-0.0517697,-0.0294927
omega_V2,0.310203,0.0193194,0.171473,0.00992537,-0.389356,0.177622,nan,0.040312,0.112658,0.0222175,0.442759,1,nan,0.0949524,-0.0453814,-0.353875,-0.0590927,0.00879401
omega_S,nan,nan,nan,nan,nan,nan,nan,nan,nan,nan,nan,nan,nan,nan,nan,nan,nan,nan
omega_R0,-0.0592622,0.149509,-0.332262,0.40246,-0.405452,-0.852802,nan,0.895703,-0.860297,0.0792855,0.196734,0.0949524,nan,1,0.945329,-0.813046,0.1569,-0.345378
omega_gamma,-0.198637,0.143,-0.457353,0.38189,-0.42635,-0.920792,nan,0.866367,-0.947475,0.0852926,0.0749252,-0.0453814,nan,0.945329,1,-0.749842,0.166836,-0.352268
omega_MTT,-0.0740356,-0.139105,0.171926,-0.420569,0.512222,0.667492,nan,-0.750563,0.68524,-0.0736403,-0.418354,-0.353875,nan,-0.813046,-0.749842,1,-0.107093,0.251474
bPK_central_drug_concentration,-0.0164756,0.021866,-0.089655,0.0875633,-0.052177,-0.156536,nan,0.144074,-0.166415,0.00980273,-0.0517697,-0.0590927,nan,0.1569,0.166836,-0.107093,1,-0.0594023
acirculating_R,0.0623312,-0.050721,0.157199,-0.131502,0.136857,0.324327,nan,-0.312083,0.327245,-0.0290633,-0.0294927,0.00879401,nan,-0.345378,-0.352268,0.251474,-0.0594023,1
