Cl_pop,4.9539e-06,7.35868e-06,1.21187e-05,3.56043e-06,5.43185e-06,1.38032e-06,nan,5.2175e-07,1.9814e-06,-1.56114e-06,3.03835e-06,6.81648e-06,nan,-7.67605e-07,-9.48753e-06,-4.70268e-07,-5.04217e-08,9.33107e-05
V1_pop,7.35868e-06,0.0024036,6.28948e-06,4.46876e-05,-1.29617e-05,-1.83862e-05,nan,2.01559e-05,-3.28959e-05,2.07762e-05,1.3044e-05,9.35116e-06,nan,4.26564e-05,0.000150448,-1.94627e-05,1.47402e-06,-0.00167252
Q_pop,1.21187e-05,6.28948e-06,5.13511e-05,1.58038e-05,2.48118e-05,8.46213e-06,nan,-2.85151e-06,1.47622e-05,-1.28565e-05,8.11267e-06,1.21314e-05,nan,-1.38561e-05,-7.03309e-05,3.516e-06,-8.83387e-07,0.000757666
V2_pop,3.56043e-06,4.46876e-05,1.58038e-05,4.92018e-05,-1.45202e-06,-7.06032e-06,nan,9.13718e-06,-1.29383e-05,5.30775e-06,7.93754e-06,6.8735e-07,nan,1.64285e-05,5.74841e-05,-8.41896e-06,8.44528e-07,-0.000620404
S_pop,5.43185e-06,-1.29617e-05,2.48118e-05,-1.45202e-06,5.94358e-05,6.79813e-06,nan,-4.48938e-06,1.45836e-05,-1.50158e-05,-8.73418e-07,-2.96354e-05,nan,-1.81907e-05,-7.05358e-05,1.12697e-05,-5.53101e-07,0.000709651
R0_pop,1.38032e-06,-1.83862e-05,8.46213e-06,-7.06032e-06,6.79813e-06,8.5386e-06,nan,-6.11081e-06,1.27185e-05,-7.42272e-06,-4.34948e-07,5.12425e-06,nan,-1.4502e-05,-5.77397e-05,5.56635e-06,-6.28938e-07,0.000637425
gamma_pop,nan,nan,nan,nan,nan,nan,nan,nan,nan,nan,nan,nan,nan,nan,nan,nan,nan,nan
MTT_pop,5.2175e-07,2.01559e-05,-2.85151e-06,9.13718e-06,-4.48938e-06,-6.11081e-06,nan,7.07583e-06,-9.97498e-06,6.06382e-06,3.2044e-06,1.05868e-06,nan,1.38656e-05,4.9455e-05,-5.6978e-06,5.26958e-07,-0.000558356
omega_Cl,1.9814e-06,-3.28959e-05,1.47622e-05,-1.29383e-05,1.45836e-05,1.27185e-05,nan,-9.97498e-06,2.30151e-05,-1.40647e-05,-1.57303e-07,5.33592e-06,nan,-2.40182e-05,-9.75424e-05,9.38167e-06,-1.09774e-06,0.00105592
omega_V1,-1.56114e-06,2.07762e-05,-1.28565e-05,5.30775e-06,-1.50158e-05,-7.42272e-06,nan,6.06382e-06,-1.40647e-05,0.0011872,1.8409e-06,7.55784e-06,nan,1.58979e-05,6.30656e-05,-7.24116e-06,4.64419e-07,-0.000673532
omega_Q,3.03835e-06,1.3044e-05,8.11267e-06,7.93754e-06,-8.73418e-07,-4.34948e-07,nan,3.2044e-06,-1.57303e-07,1.8409e-06,2.40339e-05,2.14299e-05,nan,5.61276e-06,7.88241e-06,-5.85311e-06,-3.48971e-07,-9.72476e-05
omega_V2,6.81648e-06,9.35116e-06,1.21314e-05,6.8735e-07,-2.96354e-05,5.12425e-06,nan,1.05868e-06,5.33592e-06,7.55784e-06,2.14299e-05,9.74724e-05,nan,5.45548e-06,-9.61477e-06,-9.97062e-06,-8.02189e-07,5.83956e-05
omega_S,nan,nan,nan,nan,nan,nan,nan,nan,nan,nan,nan,nan,nan,nan,nan,nan,nan,nan
omega_R0,-7.67605e-07,4.26564e-05,-1.38561e-05,1.64285e-05,-1.81907e-05,-1.4502e-05,nan,1.38656e-05,-2.40182e-05,1.58979e-05,5.61276e-06,5.45548e-06,nan,3.38666e-05,0.000118056,-1.35031e-05,1.25548e-06,-0.00135186
omega_gamma,-9.48753e-06,0.000150448,-7.03309e-05,5.74841e-05,-7.05358e-05,-5.77397e-05,nan,4.9455e-05,-9.75424e-05,6.30656e-05,7.88241e-06,-9.61477e-06,nan,0.000118056,0.00046051,-4.5922e-05,4.92278e-06,-0.00508447
omega_MTT,-4.70268e-07,-1.94627e-05,3.516e-06,-8.41896e-06,1.12697e-05,5.56635e-06,nan,-5.6978e-06,9.38167e-06,-7.24116e-06,-5.85311e-06,-9.97062e-06,nan,-1.35031e-05,-4.5922e-05,8.14446e-06,-4.20237e-07,0.000482698
bPK_central_drug_concentration,-5.04217e-08,1.47402e-06,-8.83387e-07,8.44528e-07,-5.53101e-07,-6.28938e-07,nan,5.26958e-07,-1.09774e-06,4.64419e-07,-3.48971e-07,-8.02189e-07,nan,1.25548e-06,4.92278e-06,-4.20237e-07,1.89062e-06,-5.49361e-05
acirculating_R,9.33107e-05,-0.00167252,0.000757666,-0.000620404,0.000709651,0.000637425,nan,-0.000558356,0.00105592,-0.000673532,-9.72476e-05,5.83956e-05,nan,-0.00135186,-0.00508447,0.000482698,-5.49361e-05,0.452381
