Cl_pop,1,0.070141,-0.501392,0.621782,-0.355302,-0.699326,-0.694711,nan,0.00269684,-0.0578646,nan,0.387015,-0.299996,0.163316,nan,0.0594377,-0.0414568
V1_pop,0.070141,1,0.00720819,0.0641803,-0.0552025,-0.062071,-0.047678,nan,0.00571555,-0.0238737,nan,0.0551636,-0.0487062,0.0394174,nan,0.000880805,-0.00309506
V2_pop,-0.501392,0.00720819,1,-0.199284,-0.0576283,0.275258,0.357813,nan,0.0136181,-0.136701,nan,0.0206507,-0.0848463,0.190192,nan,0.00438697,0.0241457
S_pop,0.621782,0.0641803,-0.199284,1,-0.600315,-0.64434,-0.395674,nan,-0.000382044,-0.100231,nan,0.620012,-0.411909,0.333709,nan,0.0213799,-0.0476237
R0_pop,-0.355302,-0.0552025,-0.0576283,-0.600315,1,0.638594,0.303632,nan,-0.0145355,0.577906,nan,-0.764377,0.86581,-0.800496,nan,-0.0119545,0.0116568
gamma_pop,-0.699326,-0.062071,0.275258,-0.64434,0.638594,1,0.829923,nan,-0.00975561,0.372383,nan,-0.627543,0.634357,-0.464965,nan,-0.0330445,0.0395013
MTT_pop,-0.694711,-0.047678,0.357813,-0.395674,0.303632,0.829923,1,nan,-0.00789401,0.167354,nan,-0.329279,0.374744,-0.219124,nan,-0.0386699,0.0372069
omega_Cl,nan,nan,nan,nan,nan,nan,nan,nan,nan,nan,nan,nan,nan,nan,nan,nan,nan
omega_V1,0.00269684,0.00571555,0.0136181,-0.000382044,-0.0145355,-0.00975561,-0.00789401,nan,1,-0.0178374,nan,0.00646916,-0.0171415,0.0174868,nan,-0.0019405,0.000722201
omega_Q,-0.0578646,-0.0238737,-0.136701,-0.100231,0.577906,0.372383,0.167354,nan,-0.0178374,1,nan,-0.419208,0.674299,-0.623836,nan,-0.0343357,-0.0123436
omega_V2,nan,nan,nan,nan,nan,nan,nan,nan,nan,nan,nan,nan,nan,nan,nan,nan,nan
omega_S,0.387015,0.0551636,0.0206507,0.620012,-0.764377,-0.627543,-0.329279,nan,0.00646916,-0.419208,nan,1,-0.580503,0.605872,nan,0.0117576,-0.050541
omega_R0,-0.299996,-0.0487062,-0.0848463,-0.411909,0.86581,0.634357,0.374744,nan,-0.0171415,0.674299,nan,-0.580503,1,-0.793098,nan,-0.0149196,-0.022643
omega_gamma,0.163316,0.0394174,0.190192,0.333709,-0.800496,-0.464965,-0.219124,nan,0.0174868,-0.623836,nan,0.605872,-0.793098,1,nan,0.0151399,-0.0241825
omega_MTT,nan,nan,nan,nan,nan,nan,nan,nan,nan,nan,nan,nan,nan,nan,nan,nan,nan
bPK_central_drug_concentration,0.0594377,0.000880805,0.00438697,0.0213799,-0.0119545,-0.0330445,-0.0386699,nan,-0.0019405,-0.0343357,nan,0.0117576,-0.0149196,0.0151399,nan,1,-0.00199166
acirculating_R,-0.0414568,-0.00309506,0.0241457,-0.0476237,0.0116568,0.0395013,0.0372069,nan,0.000722201,-0.0123436,nan,-0.050541,-0.022643,-0.0241825,nan,-0.00199166,1
