Cl_pop,5.37219e-06,7.81992e-06,-6.74893e-06,1.39307e-05,-2.31517e-06,-1.17032e-05,-3.10194e-06,nan,2.10781e-07,-7.63748e-07,nan,1.01265e-05,-2.76704e-06,2.0927e-06,nan,1.86217e-07,-6.05936e-05
V1_pop,7.81992e-06,0.00231372,2.01355e-06,2.98413e-05,-7.46489e-06,-2.15572e-05,-4.41801e-06,nan,9.27072e-06,-6.53938e-06,nan,2.99546e-05,-9.32317e-06,1.04821e-05,nan,5.72685e-08,-9.38815e-05
V2_pop,-6.74893e-06,2.01355e-06,3.37259e-05,-1.1187e-05,-9.40865e-07,1.15417e-05,4.00305e-06,nan,2.66684e-06,-4.5208e-06,nan,1.35386e-06,-1.96082e-06,6.1063e-06,nan,3.44371e-08,8.84257e-05
S_pop,1.39307e-05,2.98413e-05,-1.1187e-05,9.34372e-05,-1.63136e-05,-4.497e-05,-7.36801e-06,nan,-1.2453e-07,-5.51725e-06,nan,6.76575e-05,-1.58447e-05,1.78333e-05,nan,2.79349e-07,-0.000290294
R0_pop,-2.31517e-06,-7.46489e-06,-9.40865e-07,-1.63136e-05,7.90349e-06,1.29623e-05,1.64441e-06,nan,-1.37797e-06,9.25183e-06,nan,-2.4259e-05,9.68625e-06,-1.24415e-05,nan,-4.54277e-08,2.06655e-05
gamma_pop,-1.17032e-05,-2.15572e-05,1.15417e-05,-4.497e-05,1.29623e-05,5.21311e-05,1.15436e-05,nan,-2.37522e-06,1.53109e-05,nan,-5.11502e-05,1.82266e-05,-1.85598e-05,nan,-3.22499e-07,0.000179852
MTT_pop,-3.10194e-06,-4.41801e-06,4.00305e-06,-7.36801e-06,1.64441e-06,1.15436e-05,3.71113e-06,nan,-5.12803e-07,1.83591e-06,nan,-7.16098e-06,2.87284e-06,-2.33372e-06,nan,-1.00695e-07,4.51993e-05
omega_Cl,nan,nan,nan,nan,nan,nan,nan,nan,nan,nan,nan,nan,nan,nan,nan,nan,nan
omega_V1,2.10781e-07,9.27072e-06,2.66684e-06,-1.2453e-07,-1.37797e-06,-2.37522e-06,-5.12803e-07,nan,0.0011371,-3.42526e-06,nan,2.46266e-06,-2.30024e-06,3.25998e-06,nan,-8.84494e-08,1.53573e-05
omega_Q,-7.63748e-07,-6.53938e-06,-4.5208e-06,-5.51725e-06,9.25183e-06,1.53109e-05,1.83591e-06,nan,-3.42526e-06,3.24282e-05,nan,-2.69492e-05,1.52805e-05,-1.96397e-05,nan,-2.64294e-07,-4.43261e-05
omega_V2,nan,nan,nan,nan,nan,nan,nan,nan,nan,nan,nan,nan,nan,nan,nan,nan,nan
omega_S,1.01265e-05,2.99546e-05,1.35386e-06,6.76575e-05,-2.4259e-05,-5.11502e-05,-7.16098e-06,nan,2.46266e-06,-2.69492e-05,nan,0.000127442,-2.60786e-05,3.78129e-05,nan,1.79413e-07,-0.000359795
omega_R0,-2.76704e-06,-9.32317e-06,-1.96082e-06,-1.58447e-05,9.68625e-06,1.82266e-05,2.87284e-06,nan,-2.30024e-06,1.52805e-05,nan,-2.60786e-05,1.58361e-05,-1.74484e-05,nan,-8.02532e-08,-5.68217e-05
omega_gamma,2.0927e-06,1.04821e-05,6.1063e-06,1.78333e-05,-1.24415e-05,-1.85598e-05,-2.33372e-06,nan,3.25998e-06,-1.96397e-05,nan,3.78129e-05,-1.74484e-05,3.05639e-05,nan,1.13138e-07,-8.43064e-05
omega_MTT,nan,nan,nan,nan,nan,nan,nan,nan,nan,nan,nan,nan,nan,nan,nan,nan,nan
bPK_central_drug_concentration,1.86217e-07,5.72685e-08,3.44371e-08,2.79349e-07,-4.54277e-08,-3.22499e-07,-1.00695e-07,nan,-8.84494e-08,-2.64294e-07,nan,1.79413e-07,-8.02532e-08,1.13138e-07,nan,1.8271e-06,-1.69767e-06
acirculating_R,-6.05936e-05,-9.38815e-05,8.84257e-05,-0.000290294,2.06655e-05,0.000179852,4.51993e-05,nan,1.53573e-05,-4.43261e-05,nan,-0.000359795,-5.68217e-05,-8.43064e-05,nan,-1.69767e-06,0.39766
