Cl_pop,3.3016e-06,2.14282e-06,-4.49758e-06,nan,1.89564e-07,2.44442e-08,-4.89543e-08,-4.55885e-08,3.77842e-08,-3.64154e-07,8.93163e-08,1.51e-07,-8.62527e-06
V1_pop,2.14282e-06,0.00234974,6.70885e-06,nan,1.62448e-07,1.9362e-08,7.91572e-08,8.52548e-08,-5.16186e-06,-1.08674e-06,1.61656e-08,3.20183e-08,8.74131e-06
V2_pop,-4.49758e-06,6.70885e-06,3.10689e-05,nan,-2.49621e-07,-3.29519e-08,1.23156e-07,4.29352e-08,1.66194e-06,-5.03493e-06,-2.27158e-07,3.07727e-07,3.84386e-05
S_pop,nan,nan,nan,nan,nan,nan,nan,nan,nan,nan,nan,nan,nan
R0_pop,1.89564e-07,1.62448e-07,-2.49621e-07,nan,8.72365e-07,-1.08928e-08,-8.644e-08,-5.45064e-09,-2.56723e-08,-9.85504e-08,-1.29646e-08,1.13838e-08,7.9674e-06
gamma_pop,2.44442e-08,1.9362e-08,-3.29519e-08,nan,-1.08928e-08,1.5354e-07,5.47861e-08,1.84341e-08,4.41377e-10,-1.44372e-07,1.94448e-08,2.42921e-09,-9.42199e-07
MTT_pop,-4.89543e-08,7.91572e-08,1.23156e-07,nan,-8.644e-08,5.47861e-08,8.85467e-07,-9.13527e-08,-1.73534e-07,-8.57999e-07,2.94747e-07,1.43212e-08,-1.05675e-05
omega_Cl,-4.55885e-08,8.52548e-08,4.29352e-08,nan,-5.45064e-09,1.84341e-08,-9.13527e-08,2.49985e-06,1.00422e-06,-9.50402e-07,-3.8895e-07,-8.53157e-08,7.05694e-06
omega_V1,3.77842e-08,-5.16186e-06,1.66194e-06,nan,-2.56723e-08,4.41377e-10,-1.73534e-07,1.00422e-06,0.00119751,-1.30811e-06,-3.6903e-07,-1.34854e-07,2.05798e-05
omega_V2,-3.64154e-07,-1.08674e-06,-5.03493e-06,nan,-9.85504e-08,-1.44372e-07,-8.57999e-07,-9.50402e-07,-1.30811e-06,3.74679e-05,-1.15417e-06,-4.36857e-07,6.03501e-05
omega_MTT,8.93163e-08,1.61656e-08,-2.27158e-07,nan,-1.29646e-08,1.94448e-08,2.94747e-07,-3.8895e-07,-3.6903e-07,-1.15417e-06,1.1964e-06,3.61378e-08,-4.24724e-05
bPK_central_drug_concentration,1.51e-07,3.20183e-08,3.07727e-07,nan,1.13838e-08,2.42921e-09,1.43212e-08,-8.53157e-08,-1.34854e-07,-4.36857e-07,3.61378e-08,1.83456e-06,-1.3781e-06
acirculating_R,-8.62527e-06,8.74131e-06,3.84386e-05,nan,7.9674e-06,-9.42199e-07,-1.05675e-05,7.05694e-06,2.05798e-05,6.03501e-05,-4.24724e-05,-1.3781e-06,0.394387
