Cl_pop,1,0.126135,0.940304,0.648043,0.0153577,nan,0.607226,0.356095,0.209673,nan,-0.301443,-0.57399,-0.736069,-0.490596,-0.0541557,-0.207696,0.0255772
V1_pop,0.126135,1,0.122902,0.0987642,-0.00951993,nan,0.0866657,0.0662481,0.035136,nan,-0.0429383,-0.0868474,-0.108834,-0.0650202,-0.026344,-0.0359485,0.00478748
Q_pop,0.940304,0.122902,1,0.712675,-0.0495127,nan,0.655394,0.477319,0.230045,nan,-0.315532,-0.627258,-0.803361,-0.506525,-0.100948,-0.261424,0.0311291
S_pop,0.648043,0.0987642,0.712675,1,-0.603042,nan,0.942579,0.865285,0.286407,nan,-0.572571,-0.947473,-0.830318,-0.559601,-0.438456,-0.310451,0.0578991
R0_pop,0.0153577,-0.00951993,-0.0495127,-0.603042,1,nan,-0.628657,-0.6999,-0.153621,nan,0.417218,0.667633,0.272698,0.242347,0.496226,0.171548,-0.0463458
gamma_pop,nan,nan,nan,nan,nan,nan,nan,nan,nan,nan,nan,nan,nan,nan,nan,nan,nan
MTT_pop,0.607226,0.0866657,0.655394,0.942579,-0.628657,nan,1,0.802971,0.273339,nan,-0.52803,-0.946266,-0.755525,-0.603296,-0.351148,-0.295139,0.0569815
omega_Cl,0.356095,0.0662481,0.477319,0.865285,-0.6999,nan,0.802971,1,0.248246,nan,-0.595469,-0.846444,-0.659394,-0.417189,-0.586084,-0.288527,0.0622333
omega_V1,0.209673,0.035136,0.230045,0.286407,-0.153621,nan,0.273339,0.248246,1,nan,-0.148838,-0.274404,-0.253358,-0.16924,-0.118634,-0.0956028,0.0167684
omega_Q,nan,nan,nan,nan,nan,nan,nan,nan,nan,nan,nan,nan,nan,nan,nan,nan,nan
omega_V2,-0.301443,-0.0429383,-0.315532,-0.572571,0.417218,nan,-0.52803,-0.595469,-0.148838,nan,1,0.528097,0.358994,0.31643,0.379914,0.158337,-0.0453148
omega_S,-0.57399,-0.0868474,-0.627258,-0.947473,0.667633,nan,-0.946266,-0.846444,-0.274404,nan,0.528097,1,0.757052,0.548897,0.465855,0.295441,-0.062812
omega_R0,-0.736069,-0.108834,-0.803361,-0.830318,0.272698,nan,-0.755525,-0.659394,-0.253358,nan,0.358994,0.757052,1,0.533235,0.219035,0.275919,-0.0509112
omega_gamma,-0.490596,-0.0650202,-0.506525,-0.559601,0.242347,nan,-0.603296,-0.417189,-0.16924,nan,0.31643,0.548897,0.533235,1,-0.00190723,0.181125,-0.0509255
omega_MTT,-0.0541557,-0.026344,-0.100948,-0.438456,0.496226,nan,-0.351148,-0.586084,-0.118634,nan,0.379914,0.465855,0.219035,-0.00190723,1,0.124848,-0.0393509
bPK_central_drug_concentration,-0.207696,-0.0359485,-0.261424,-0.310451,0.171548,nan,-0.295139,-0.288527,-0.0956028,nan,0.158337,0.295441,0.275919,0.181125,0.124848,1,-0.0181575
acirculating_R,0.0255772,0.00478748,0.0311291,0.0578991,-0.0463458,nan,0.0569815,0.0622333,0.0167684,nan,-0.0453148,-0.062812,-0.0509112,-0.0509255,-0.0393509,-0.0181575,1
