Cl_pop,1.5426e-05,2.39553e-05,4.26322e-05,6.81608e-05,8.28902e-08,nan,7.95163e-06,4.83791e-06,2.90808e-05,nan,-7.5983e-06,-2.73032e-05,-5.00911e-06,-5.13819e-06,-1.96059e-07,-1.16477e-06,6.32024e-05
V1_pop,2.39553e-05,0.00233818,6.86027e-05,0.000127892,-6.32588e-07,nan,1.39722e-05,1.1081e-05,5.99967e-05,nan,-1.3325e-05,-5.08601e-05,-9.11842e-06,-8.3839e-06,-1.17419e-06,-2.48201e-06,0.000145646
Q_pop,4.26322e-05,6.86027e-05,0.000133255,0.000220312,-7.85429e-07,nan,2.52246e-05,1.90597e-05,9.37759e-05,nan,-2.3376e-05,-8.76941e-05,-1.60682e-05,-1.5592e-05,-1.07412e-06,-4.30896e-06,0.00022608
S_pop,6.81608e-05,0.000127892,0.000220312,0.000717147,-2.21922e-05,nan,8.4159e-05,8.01545e-05,0.000270847,nan,-9.8405e-05,-0.000307293,-3.85268e-05,-3.99615e-05,-1.08229e-05,-1.18709e-05,0.000975505
R0_pop,8.28902e-08,-6.32588e-07,-7.85429e-07,-2.21922e-05,1.88841e-06,nan,-2.88032e-06,-3.32697e-06,-7.45479e-06,nan,3.67956e-06,1.11114e-05,6.49299e-07,8.88066e-07,6.28556e-07,3.36604e-07,-4.00694e-05
gamma_pop,nan,nan,nan,nan,nan,nan,nan,nan,nan,nan,nan,nan,nan,nan,nan,nan,nan
MTT_pop,7.95163e-06,1.39722e-05,2.52246e-05,8.4159e-05,-2.88032e-06,nan,1.11163e-05,9.2607e-06,3.21822e-05,nan,-1.12985e-05,-3.82098e-05,-4.36458e-06,-5.36376e-06,-1.07916e-06,-1.40505e-06,0.000119527
omega_Cl,4.83791e-06,1.1081e-05,1.90597e-05,8.01545e-05,-3.32697e-06,nan,9.2607e-06,1.19655e-05,3.03238e-05,nan,-1.32193e-05,-3.54605e-05,-3.95207e-06,-3.84819e-06,-1.86871e-06,-1.42507e-06,0.000135438
omega_V1,2.90808e-05,5.99967e-05,9.37759e-05,0.000270847,-7.45479e-06,nan,3.21822e-05,3.03238e-05,0.00124701,nan,-3.37314e-05,-0.000117357,-1.55019e-05,-1.59367e-05,-3.86155e-06,-4.82049e-06,0.000372547
omega_Q,nan,nan,nan,nan,nan,nan,nan,nan,nan,nan,nan,nan,nan,nan,nan,nan,nan
omega_V2,-7.5983e-06,-1.3325e-05,-2.3376e-05,-9.8405e-05,3.67956e-06,nan,-1.12985e-05,-1.32193e-05,-3.37314e-05,nan,4.11877e-05,4.10468e-05,3.99196e-06,5.41528e-06,2.24743e-06,1.45095e-06,-0.000182969
omega_S,-2.73032e-05,-5.08601e-05,-8.76941e-05,-0.000307293,1.11114e-05,nan,-3.82098e-05,-3.54605e-05,-0.000117357,nan,4.10468e-05,0.000146678,1.58863e-05,1.77269e-05,5.20054e-06,5.10901e-06,-0.000478606
omega_R0,-5.00911e-06,-9.11842e-06,-1.60682e-05,-3.85268e-05,6.49299e-07,nan,-4.36458e-06,-3.95207e-06,-1.55019e-05,nan,3.99196e-06,1.58863e-05,3.00213e-06,2.46373e-06,3.49819e-07,6.82623e-07,-5.54986e-05
omega_gamma,-5.13819e-06,-8.3839e-06,-1.5592e-05,-3.99615e-05,8.88066e-07,nan,-5.36376e-06,-3.84819e-06,-1.59367e-05,nan,5.41528e-06,1.77269e-05,2.46373e-06,7.1108e-06,-4.6879e-09,6.89642e-07,-8.54373e-05
omega_MTT,-1.96059e-07,-1.17419e-06,-1.07412e-06,-1.08229e-05,6.28556e-07,nan,-1.07916e-06,-1.86871e-06,-3.86155e-06,nan,2.24743e-06,5.20054e-06,3.49819e-07,-4.6879e-09,8.49633e-07,1.64317e-07,-2.28205e-05
bPK_central_drug_concentration,-1.16477e-06,-2.48201e-06,-4.30896e-06,-1.18709e-05,3.36604e-07,nan,-1.40505e-06,-1.42507e-06,-4.82049e-06,nan,1.45095e-06,5.10901e-06,6.82623e-07,6.89642e-07,1.64317e-07,2.03877e-06,-1.63115e-05
acirculating_R,6.32024e-05,0.000145646,0.00022608,0.000975505,-4.00694e-05,nan,0.000119527,0.000135438,0.000372547,nan,-0.000182969,-0.000478606,-5.54986e-05,-8.54373e-05,-2.28205e-05,-1.63115e-05,0.395828
