Cl_pop,1,0.134908,-0.834243,0.902301,-0.588768,0.351067,0.844686,0.47822,0.120077,-0.826788,-0.857493,0.116402,-0.107166
V1_pop,0.134908,1,-0.112669,0.12569,-0.0802864,0.0470271,0.116335,0.072096,0.0172936,-0.114509,-0.115905,0.0108667,-0.0152842
V2_pop,-0.834243,-0.112669,1,-0.936796,0.655271,-0.40803,-0.89476,-0.451921,-0.120402,0.867542,0.924425,-0.0651415,0.133736
S_pop,0.902301,0.12569,-0.936796,1,-0.680333,0.385175,0.924978,0.499239,0.129436,-0.887888,-0.944879,0.0801345,-0.121685
R0_pop,-0.588768,-0.0802864,0.655271,-0.680333,1,-0.272309,-0.663174,-0.299404,-0.0894227,0.610083,0.663829,-0.0494073,0.0906192
gamma_pop,0.351067,0.0470271,-0.40803,0.385175,-0.272309,1,0.38394,0.17801,0.0501321,-0.345432,-0.392222,0.0295963,-0.0557896
MTT_pop,0.844686,0.116335,-0.89476,0.924978,-0.663174,0.38394,1,0.386109,0.120405,-0.820332,-0.931183,0.0788116,-0.111054
omega_Cl,0.47822,0.072096,-0.451921,0.499239,-0.299404,0.17801,0.386109,1,0.0827969,-0.511174,-0.339246,-0.0399388,-0.0891378
omega_V1,0.120077,0.0172936,-0.120402,0.129436,-0.0894227,0.0501321,0.120405,0.0827969,1,-0.113731,-0.122753,0.00387454,-0.0157789
omega_S,-0.826788,-0.114509,0.867542,-0.887888,0.610083,-0.345432,-0.820332,-0.511174,-0.113731,1,0.820125,-0.061786,0.112017
omega_MTT,-0.857493,-0.115905,0.924425,-0.944879,0.663829,-0.392222,-0.931183,-0.339246,-0.122753,0.820125,1,-0.0909484,0.107422
bPK_central_drug_concentration,0.116402,0.0108667,-0.0651415,0.0801345,-0.0494073,0.0295963,0.0788116,-0.0399388,0.00387454,-0.061786,-0.0909484,1,-0.00448524
acirculating_R,-0.107166,-0.0152842,0.133736,-0.121685,0.0906192,-0.0557896,-0.111054,-0.0891378,-0.0157789,0.112017,0.107422,-0.00448524,1
