Cl_pop,1.26768e-05,2.35252e-05,-2.71561e-06,6.29742e-05,-2.69284e-06,1.7842e-07,6.47972e-06,4.48089e-06,1.50443e-05,-2.09235e-05,-8.83769e-06,5.66194e-07,-0.00024178
V1_pop,2.35252e-05,0.00239871,-5.04501e-06,0.000120669,-5.05117e-06,3.28766e-07,1.2276e-05,9.2925e-06,2.98045e-05,-3.98624e-05,-1.64322e-05,7.27085e-07,-0.000474341
V2_pop,-2.71561e-06,-5.04501e-06,8.3587e-07,-1.67888e-05,7.69575e-07,-5.32491e-08,-1.76251e-06,-1.08734e-06,-3.87356e-06,5.63761e-06,2.4465e-06,-8.13627e-08,7.74775e-05
S_pop,6.29742e-05,0.000120669,-1.67888e-05,0.000384249,-1.71313e-05,1.07774e-06,3.90656e-05,2.57541e-05,8.92826e-05,-0.000123709,-5.3615e-05,2.14597e-06,-0.00151148
R0_pop,-2.69284e-06,-5.05117e-06,7.69575e-07,-1.71313e-05,1.65014e-06,-4.99314e-08,-1.83546e-06,-1.01216e-06,-4.04218e-06,5.57038e-06,2.46843e-06,-8.67062e-08,7.3763e-05
gamma_pop,1.7842e-07,3.28766e-07,-5.32491e-08,1.07774e-06,-4.99314e-08,2.03751e-08,1.18078e-07,6.68692e-08,2.5181e-07,-3.50468e-07,-1.62064e-07,5.77145e-09,-5.04616e-06
MTT_pop,6.47972e-06,1.2276e-05,-1.76251e-06,3.90656e-05,-1.83546e-06,1.18078e-07,4.64207e-06,2.18927e-06,9.12863e-06,-1.25626e-05,-5.80757e-06,2.31977e-07,-0.000151616
omega_Cl,4.48089e-06,9.2925e-06,-1.08734e-06,2.57541e-05,-1.01216e-06,6.68692e-08,2.18927e-06,6.92572e-06,7.6675e-06,-9.56172e-06,-2.58434e-06,-1.4359e-07,-0.000148646
omega_V1,1.50443e-05,2.98045e-05,-3.87356e-06,8.92826e-05,-4.04218e-06,2.5181e-07,9.12863e-06,7.6675e-06,0.00123827,-2.84459e-05,-1.25038e-05,1.86262e-07,-0.000351836
omega_S,-2.09235e-05,-3.98624e-05,5.63761e-06,-0.000123709,5.57038e-06,-3.50468e-07,-1.25626e-05,-9.56172e-06,-2.84459e-05,5.05209e-05,1.6874e-05,-5.99962e-07,0.000504519
omega_MTT,-8.83769e-06,-1.64322e-05,2.4465e-06,-5.3615e-05,2.46843e-06,-1.62064e-07,-5.80757e-06,-2.58434e-06,-1.25038e-05,1.6874e-05,8.37928e-06,-3.59664e-07,0.000197041
bPK_central_drug_concentration,5.66194e-07,7.27085e-07,-8.13627e-08,2.14597e-06,-8.67062e-08,5.77145e-09,2.31977e-07,-1.4359e-07,1.86262e-07,-5.99962e-07,-3.59664e-07,1.86636e-06,-3.88277e-06
acirculating_R,-0.00024178,-0.000474341,7.74775e-05,-0.00151148,7.3763e-05,-5.04616e-06,-0.000151616,-0.000148646,-0.000351836,0.000504519,0.000197041,-3.88277e-06,0.401528
