Cl_pop,1,nan,0.645397,0.00829582,-0.538097,-0.476056,0.403509,0.0618987,0.522236,-0.567422,-0.509966,0.545634,0.049539,0.0260908
V1_pop,nan,nan,nan,nan,nan,nan,nan,nan,nan,nan,nan,nan,nan,nan
S_pop,0.645397,nan,1,0.0131209,-0.905871,-0.831091,0.352003,0.113338,0.807324,-0.908588,-0.74274,0.842098,0.0171598,0.0384006
R0_pop,0.00829582,nan,0.0131209,1,-0.0897384,-0.12922,-0.00749792,0.0151783,0.0991032,0.0336353,-0.265733,0.131509,-0.0103503,-0.016966
gamma_pop,-0.538097,nan,-0.905871,-0.0897384,1,0.963375,-0.265864,-0.120056,-0.823355,0.933896,0.660526,-0.833693,-0.0114809,-0.0315031
MTT_pop,-0.476056,nan,-0.831091,-0.12922,0.963375,1,-0.207321,-0.12076,-0.789478,0.879717,0.582418,-0.75914,-0.0139028,-0.0268351
omega_Cl,0.403509,nan,0.352003,-0.00749792,-0.265864,-0.207321,1,-0.0437945,0.34847,-0.326619,-0.389048,0.365175,-0.0658076,0.0244384
omega_V2,0.0618987,nan,0.113338,0.0151783,-0.120056,-0.12076,-0.0437945,1,0.09106,-0.112704,-0.0722159,0.0888677,0.00438148,0.00234379
omega_S,0.522236,nan,0.807324,0.0991032,-0.823355,-0.789478,0.34847,0.09106,1,-0.802741,-0.662547,0.711508,-0.003998,0.0206165
omega_R0,-0.567422,nan,-0.908588,0.0336353,0.933896,0.879717,-0.326619,-0.112704,-0.802741,1,0.69535,-0.857742,-0.00426365,-0.0461798
omega_gamma,-0.509966,nan,-0.74274,-0.265733,0.660526,0.582418,-0.389048,-0.0722159,-0.662547,0.69535,1,-0.848687,0.0149738,-0.0374291
omega_MTT,0.545634,nan,0.842098,0.131509,-0.833693,-0.75914,0.365175,0.0888677,0.711508,-0.857742,-0.848687,1,-0.00479287,0.0249408
bPK_central_drug_concentration,0.049539,nan,0.0171598,-0.0103503,-0.0114809,-0.0139028,-0.0658076,0.00438148,-0.003998,-0.00426365,0.0149738,-0.00479287,1,-0.00202838
acirculating_R,0.0260908,nan,0.0384006,-0.016966,-0.0315031,-0.0268351,0.0244384,0.00234379,0.0206165,-0.0461798,-0.0374291,0.0249408,-0.00202838,1
