Cl_pop,3.3027e-06,4.47185e-06,nan,-2.30609e-06,-2.04351e-06,3.08552e-07,5.59982e-06,2.08137e-06,1.64537e-06,1.14894e-06,2.59569e-06,6.34312e-07,2.56819e-08,7.35646e-07,nan,6.09115e-08,-3.28899e-05
V1_pop,4.47185e-06,0.002369,nan,1.51844e-05,-3.51555e-05,7.6863e-07,3.26073e-05,1.20017e-05,1.13886e-05,1.06954e-05,-1.14602e-05,1.5643e-05,-3.02771e-06,6.18173e-06,nan,-6.5101e-08,-0.000145082
Q_pop,nan,nan,nan,nan,nan,nan,nan,nan,nan,nan,nan,nan,nan,nan,nan,nan,nan
V2_pop,-2.30609e-06,1.51844e-05,nan,3.38355e-05,-3.68185e-05,1.3684e-07,2.47068e-05,9.04341e-06,9.06686e-06,3.61539e-06,-1.69109e-05,1.53561e-05,-3.96329e-06,5.10449e-06,nan,3.61214e-07,-6.22901e-05
S_pop,-2.04351e-06,-3.51555e-05,nan,-3.68185e-05,0.000144772,-3.66214e-06,-8.43969e-05,-2.9321e-05,-2.89943e-05,-3.084e-06,5.51369e-05,-6.09416e-05,1.2118e-05,-1.98919e-05,nan,-1.64913e-07,0.000401702
R0_pop,3.08552e-07,7.6863e-07,nan,1.3684e-07,-3.66214e-06,1.06046e-06,1.15504e-06,3.95137e-07,5.19314e-07,-2.44389e-07,-2.45039e-06,1.55462e-06,-4.65453e-07,6.18755e-07,nan,2.22867e-08,-1.14806e-05
gamma_pop,5.59982e-06,3.26073e-05,nan,2.47068e-05,-8.43969e-05,1.15504e-06,8.39438e-05,2.93668e-05,2.59193e-05,8.79391e-06,-1.32793e-05,3.64331e-05,-6.19659e-06,1.42692e-05,nan,-1.08957e-07,-0.000379024
MTT_pop,2.08137e-06,1.20017e-05,nan,9.04341e-06,-2.9321e-05,3.95137e-07,2.93668e-05,1.12801e-05,9.91288e-06,3.53954e-06,-4.68621e-06,1.27872e-05,-2.29436e-06,5.31962e-06,nan,-5.98403e-08,-0.000140042
omega_Cl,1.64537e-06,1.13886e-05,nan,9.06686e-06,-2.89943e-05,5.19314e-07,2.59193e-05,9.91288e-06,1.21855e-05,3.98681e-06,-8.58097e-06,1.28985e-05,-2.34325e-06,5.07843e-06,nan,-1.26078e-07,-0.000127599
omega_V1,1.14894e-06,1.06954e-05,nan,3.61539e-06,-3.084e-06,-2.44389e-07,8.79391e-06,3.53954e-06,3.98681e-06,0.00121341,3.73054e-06,-1.92482e-06,2.21131e-07,1.39495e-06,nan,-1.86776e-07,-3.31815e-05
omega_V2,2.59569e-06,-1.14602e-05,nan,-1.69109e-05,5.51369e-05,-2.45039e-06,-1.32793e-05,-4.68621e-06,-8.58097e-06,3.73054e-06,7.40931e-05,-2.67465e-05,7.47336e-06,-9.54913e-06,nan,-5.90032e-07,0.000122805
omega_S,6.34312e-07,1.5643e-05,nan,1.53561e-05,-6.09416e-05,1.55462e-06,3.64331e-05,1.27872e-05,1.28985e-05,-1.92482e-06,-2.67465e-05,5.00806e-05,-6.26419e-06,7.63221e-06,nan,-4.74061e-08,-0.00019993
omega_R0,2.56819e-08,-3.02771e-06,nan,-3.96329e-06,1.2118e-05,-4.65453e-07,-6.19659e-06,-2.29436e-06,-2.34325e-06,2.21131e-07,7.47336e-06,-6.26419e-06,2.4402e-06,-1.43384e-06,nan,-4.98166e-08,-3.54872e-06
omega_gamma,7.35646e-07,6.18173e-06,nan,5.10449e-06,-1.98919e-05,6.18755e-07,1.42692e-05,5.31962e-06,5.07843e-06,1.39495e-06,-9.54913e-06,7.63221e-06,-1.43384e-06,9.67317e-06,nan,3.65306e-08,-0.000161789
omega_MTT,nan,nan,nan,nan,nan,nan,nan,nan,nan,nan,nan,nan,nan,nan,nan,nan,nan
bPK_central_drug_concentration,6.09115e-08,-6.5101e-08,nan,3.61214e-07,-1.64913e-07,2.22867e-08,-1.08957e-07,-5.98403e-08,-1.26078e-07,-1.86776e-07,-5.90032e-07,-4.74061e-08,-4.98166e-08,3.65306e-08,nan,1.87073e-06,9.16806e-07
acirculating_R,-3.28899e-05,-0.000145082,nan,-6.22901e-05,0.000401702,-1.14806e-05,-0.000379024,-0.000140042,-0.000127599,-3.31815e-05,0.000122805,-0.00019993,-3.54872e-06,-0.000161789,nan,9.16806e-07,0.398454
