Cl_pop,1,0.0707972,0.744343,0.271018,-0.273494,0.267947,-0.0270163,-0.414734,-0.0187455,nan,0.389709,nan,-0.445108,-0.375101,0.0408565,0.00871469
V1_pop,0.0707972,1,0.0556796,0.0467307,-0.0229977,0.0100244,-0.000546988,-0.0125522,-0.00359803,nan,0.0196328,nan,-0.037651,-0.0208642,-0.00375236,0.000865393
Q_pop,0.744343,0.0556796,1,0.357556,-0.343313,0.16975,-0.093299,-0.422977,-0.0258941,nan,0.323038,nan,-0.44794,-0.417079,-0.00802935,0.0113807
S_pop,0.271018,0.0467307,0.357556,1,0.0119618,-0.497761,-0.428326,0.206621,0.0188594,nan,-0.278627,nan,-0.292441,-0.206039,-0.0047477,0.014183
R0_pop,-0.273494,-0.0229977,-0.343313,0.0119618,1,-0.287475,-0.131011,0.442251,0.0229426,nan,-0.356725,nan,0.376225,0.326223,-0.0106833,-0.0204068
gamma_pop,0.267947,0.0100244,0.16975,-0.497761,-0.287475,1,0.629676,-0.28769,-0.0163704,nan,0.544242,nan,-0.190698,0.0775576,-0.0103096,0.00690953
MTT_pop,-0.0270163,-0.000546988,-0.093299,-0.428326,-0.131011,0.629676,1,0.0444208,0.0101854,nan,0.254911,nan,0.278021,0.293428,-0.049824,-0.0179994
omega_Cl,-0.414734,-0.0125522,-0.422977,0.206621,0.442251,-0.28769,0.0444208,1,0.0594958,nan,-0.477599,nan,0.323528,0.399504,-0.0682962,0.000606565
omega_V1,-0.0187455,-0.00359803,-0.0258941,0.0188594,0.0229426,-0.0163704,0.0101854,0.0594958,1,nan,-0.0348083,nan,0.024706,0.0270757,-0.00593843,-0.000343609
omega_Q,nan,nan,nan,nan,nan,nan,nan,nan,nan,nan,nan,nan,nan,nan,nan,nan
omega_S,0.389709,0.0196328,0.323038,-0.278627,-0.356725,0.544242,0.254911,-0.477599,-0.0348083,nan,1,nan,-0.447226,-0.292483,0.0105473,-0.0021778
omega_R0,nan,nan,nan,nan,nan,nan,nan,nan,nan,nan,nan,nan,nan,nan,nan,nan
omega_gamma,-0.445108,-0.037651,-0.44794,-0.292441,0.376225,-0.190698,0.278021,0.323528,0.024706,nan,-0.447226,nan,1,0.423901,-0.0330455,-0.0548737
omega_MTT,-0.375101,-0.0208642,-0.417079,-0.206039,0.326223,0.0775576,0.293428,0.399504,0.0270757,nan,-0.292483,nan,0.423901,1,-0.0352902,-0.0142604
bPK_central_drug_concentration,0.0408565,-0.00375236,-0.00802935,-0.0047477,-0.0106833,-0.0103096,-0.049824,-0.0682962,-0.00593843,nan,0.0105473,nan,-0.0330455,-0.0352902,1,0.000328921
acirculating_R,0.00871469,0.000865393,0.0113807,0.014183,-0.0204068,0.00690953,-0.0179994,0.000606565,-0.000343609,nan,-0.0021778,nan,-0.0548737,-0.0142604,0.000328921,1
