Cl_pop,3.83954e-06,6.70755e-06,6.80158e-06,4.76742e-06,-6.38197e-07,2.38197e-06,-6.08117e-08,-1.90994e-06,-1.25749e-06,nan,4.04573e-06,nan,-4.40402e-06,-3.92055e-07,1.08245e-07,1.07306e-05
V1_pop,6.70755e-06,0.00233785,1.25546e-05,2.02842e-05,-1.32422e-06,2.19894e-06,-3.03814e-08,-1.42639e-06,-5.95584e-06,nan,5.0293e-06,nan,-9.19242e-06,-5.38108e-07,-2.45312e-07,2.62938e-05
Q_pop,6.80158e-06,1.25546e-05,2.17468e-05,1.49688e-05,-1.90658e-06,3.59134e-06,-4.99799e-07,-4.63579e-06,-4.13397e-06,nan,7.98121e-06,nan,-1.05478e-05,-1.03747e-06,-5.06272e-08,3.33502e-05
S_pop,4.76742e-06,2.02842e-05,1.49688e-05,8.05923e-05,1.27882e-07,-2.02729e-05,-4.41715e-06,4.35945e-06,5.7962e-06,nan,-1.32522e-05,nan,-1.32565e-05,-9.86637e-07,-5.76283e-08,8.00108e-05
R0_pop,-6.38197e-07,-1.32422e-06,-1.90658e-06,1.27882e-07,1.41819e-06,-1.55316e-06,-1.79224e-07,1.23779e-06,9.35363e-07,nan,-2.25071e-06,nan,2.26235e-06,2.07225e-07,-1.72021e-08,-1.52713e-05
gamma_pop,2.38197e-06,2.19894e-06,3.59134e-06,-2.02729e-05,-1.55316e-06,2.05825e-05,3.28161e-06,-3.06749e-06,-2.5426e-06,nan,1.30815e-05,nan,-4.36857e-06,1.87686e-07,-6.32405e-08,1.96983e-05
MTT_pop,-6.08117e-08,-3.03814e-08,-4.99799e-07,-4.41715e-06,-1.79224e-07,3.28161e-06,1.3196e-06,1.19927e-07,4.0056e-07,nan,1.55141e-06,nan,1.61266e-06,1.79797e-07,-7.73864e-08,-1.29931e-05
omega_Cl,-1.90994e-06,-1.42639e-06,-4.63579e-06,4.35945e-06,1.23779e-06,-3.06749e-06,1.19927e-07,5.52357e-06,4.78703e-06,nan,-5.9469e-06,nan,3.83944e-06,5.00831e-07,-2.17026e-07,8.95817e-07
omega_V1,-1.25749e-06,-5.95584e-06,-4.13397e-06,5.7962e-06,9.35363e-07,-2.5426e-06,4.0056e-07,4.78703e-06,0.00117203,nan,-6.3135e-06,nan,4.27087e-06,4.94435e-07,-2.74882e-07,-7.39207e-06
omega_Q,nan,nan,nan,nan,nan,nan,nan,nan,nan,nan,nan,nan,nan,nan,nan,nan
omega_S,4.04573e-06,5.0293e-06,7.98121e-06,-1.32522e-05,-2.25071e-06,1.30815e-05,1.55141e-06,-5.9469e-06,-6.3135e-06,nan,2.80695e-05,nan,-1.19644e-05,-8.26568e-07,7.55549e-08,-7.2505e-06
omega_R0,nan,nan,nan,nan,nan,nan,nan,nan,nan,nan,nan,nan,nan,nan,nan,nan
omega_gamma,-4.40402e-06,-9.19242e-06,-1.05478e-05,-1.32565e-05,2.26235e-06,-4.36857e-06,1.61266e-06,3.83944e-06,4.27087e-06,nan,-1.19644e-05,nan,2.54971e-05,1.14175e-06,-2.25612e-07,-0.000174117
omega_MTT,-3.92055e-07,-5.38108e-07,-1.03747e-06,-9.86637e-07,2.07225e-07,1.87686e-07,1.79797e-07,5.00831e-07,4.94435e-07,nan,-8.26568e-07,nan,1.14175e-06,2.84525e-07,-2.54519e-08,-4.77996e-06
bPK_central_drug_concentration,1.08245e-07,-2.45312e-07,-5.06272e-08,-5.76283e-08,-1.72021e-08,-6.32405e-08,-7.73864e-08,-2.17026e-07,-2.74882e-07,nan,7.55549e-08,nan,-2.25612e-07,-2.54519e-08,1.82815e-06,2.79466e-07
acirculating_R,1.07306e-05,2.62938e-05,3.33502e-05,8.00108e-05,-1.52713e-05,1.96983e-05,-1.29931e-05,8.95817e-07,-7.39207e-06,nan,-7.2505e-06,nan,-0.000174117,-4.77996e-06,2.79466e-07,0.394879
