Cl_pop,1,0.151077,0.535396,nan,0.824289,-0.413349,-0.19032,-0.151762,0.693384,0.169326,0.74053,-0.717495,0.725737,-0.14995,nan,-0.00799396,-0.00421971
V1_pop,0.151077,1,0.0549718,nan,0.121748,-0.0824033,-0.00336696,0.00772195,0.12906,0.0296522,0.11792,-0.130358,0.135059,-0.0314941,nan,-0.00487348,-0.000780079
Q_pop,0.535396,0.0549718,1,nan,0.660541,-0.144927,-0.700804,-0.736759,-0.092824,0.0767125,0.43601,-0.0494682,0.0872448,0.0475424,nan,-0.0606353,-0.00666453
V2_pop,nan,nan,nan,nan,nan,nan,nan,nan,nan,nan,nan,nan,nan,nan,nan,nan,nan
S_pop,0.824289,0.121748,0.660541,nan,1,-0.47497,-0.543504,-0.475474,0.470555,0.1698,0.776899,-0.557723,0.659353,-0.287266,nan,-0.0429708,0.00011818
R0_pop,-0.413349,-0.0824033,-0.144927,nan,-0.47497,1,0.122283,0.0615704,-0.402462,-0.100421,-0.472799,0.378593,-0.627052,0.206381,nan,0.0168691,0.0185069
gamma_pop,-0.19032,-0.00336696,-0.700804,nan,-0.543504,0.122283,1,0.943948,0.370974,-0.0524754,-0.336722,-0.197474,0.0659157,0.119752,nan,0.0415147,0.000252339
MTT_pop,-0.151762,0.00772195,-0.736759,nan,-0.475474,0.0615704,0.943948,1,0.461966,-0.0358785,-0.27304,-0.299116,0.165152,0.0690819,nan,0.037663,0.000993226
omega_Cl,0.693384,0.12906,-0.092824,nan,0.470555,-0.402462,0.370974,0.461966,1,0.144878,0.487477,-0.851849,0.823388,-0.256282,nan,-0.00805553,0.00417864
omega_V1,0.169326,0.0296522,0.0767125,nan,0.1698,-0.100421,-0.0524754,-0.0358785,0.144878,1,0.156604,-0.151107,0.167093,-0.0684163,nan,-0.00886233,0.000902167
omega_Q,0.74053,0.11792,0.43601,nan,0.776899,-0.472799,-0.336722,-0.27304,0.487477,0.156604,1,-0.596058,0.701444,-0.177542,nan,-0.0384501,-0.00370234
omega_S,-0.717495,-0.130358,-0.0494682,nan,-0.557723,0.378593,-0.197474,-0.299116,-0.851849,-0.151107,-0.596058,1,-0.796548,0.307337,nan,0.0102674,-0.0123854
omega_R0,0.725737,0.135059,0.0872448,nan,0.659353,-0.627052,0.0659157,0.165152,0.823388,0.167093,0.701444,-0.796548,1,-0.286281,nan,-0.013932,-0.0104561
omega_gamma,-0.14995,-0.0314941,0.0475424,nan,-0.287266,0.206381,0.119752,0.0690819,-0.256282,-0.0684163,-0.177542,0.307337,-0.286281,1,nan,0.0138559,-0.0705544
omega_MTT,nan,nan,nan,nan,nan,nan,nan,nan,nan,nan,nan,nan,nan,nan,nan,nan,nan
bPK_central_drug_concentration,-0.00799396,-0.00487348,-0.0606353,nan,-0.0429708,0.0168691,0.0415147,0.037663,-0.00805553,-0.00886233,-0.0384501,0.0102674,-0.013932,0.0138559,nan,1,-0.000984113
acirculating_R,-0.00421971,-0.000780079,-0.00666453,nan,0.00011818,0.0185069,0.000252339,0.000993226,0.00417864,0.000902167,-0.00370234,-0.0123854,-0.0104561,-0.0705544,nan,-0.000984113,1
