Cl_pop,1.8845e-05,3.22356e-05,1.47178e-05,nan,5.60233e-05,-1.69994e-06,-6.67527e-06,-2.05054e-06,2.17541e-05,2.60003e-05,1.69483e-05,-3.01062e-05,5.44946e-06,-2.78025e-06,nan,-4.69757e-08,-1.15227e-05
V1_pop,3.22356e-05,0.00241591,1.711e-05,nan,9.369e-05,-3.83711e-06,-1.3371e-06,1.18134e-06,4.5846e-05,5.1553e-05,3.0557e-05,-6.19324e-05,1.14825e-05,-6.61163e-06,nan,-3.2426e-07,-2.41185e-05
Q_pop,1.47178e-05,1.711e-05,4.00996e-05,nan,6.54879e-05,-8.6944e-07,-3.58553e-05,-1.45212e-05,-4.24814e-06,1.71827e-05,1.45563e-05,-3.02786e-06,9.5562e-07,1.28585e-06,nan,-5.19767e-07,-2.65467e-05
V2_pop,nan,nan,nan,nan,nan,nan,nan,nan,nan,nan,nan,nan,nan,nan,nan,nan,nan
S_pop,5.60233e-05,9.369e-05,6.54879e-05,nan,0.000245122,-7.04494e-06,-6.87512e-05,-2.31699e-05,5.3244e-05,9.40342e-05,6.41269e-05,-8.44012e-05,1.7856e-05,-1.92094e-05,nan,-9.10705e-07,1.16388e-06
R0_pop,-1.69994e-06,-3.83711e-06,-8.6944e-07,nan,-7.04494e-06,8.9751e-07,9.3599e-07,1.81551e-07,-2.75558e-06,-3.3651e-06,-2.36146e-06,3.46682e-06,-1.02754e-06,8.35082e-07,nan,2.16334e-08,1.10287e-05
gamma_pop,-6.67527e-06,-1.3371e-06,-3.58553e-05,nan,-6.87512e-05,9.3599e-07,6.52788e-05,2.37378e-05,2.1662e-05,-1.49968e-05,-1.43431e-05,-1.54218e-05,9.21194e-07,4.13245e-06,nan,4.54047e-07,1.28246e-06
MTT_pop,-2.05054e-06,1.18134e-06,-1.45212e-05,nan,-2.31699e-05,1.81551e-07,2.37378e-05,9.68755e-06,1.03917e-05,-3.95001e-06,-4.48041e-06,-8.99883e-06,8.89135e-07,9.18354e-07,nan,1.58685e-07,1.94459e-06
omega_Cl,2.17541e-05,4.5846e-05,-4.24814e-06,nan,5.3244e-05,-2.75558e-06,2.1662e-05,1.03917e-05,5.22321e-05,3.70363e-05,1.85741e-05,-5.95073e-05,1.02932e-05,-7.9109e-06,nan,-7.8809e-08,1.89966e-05
omega_V1,2.60003e-05,5.1553e-05,1.71827e-05,nan,9.40342e-05,-3.3651e-06,-1.49968e-05,-3.95001e-06,3.70363e-05,0.00125116,2.92041e-05,-5.1663e-05,1.02233e-05,-1.03361e-05,nan,-4.24344e-07,2.00731e-05
omega_Q,1.69483e-05,3.0557e-05,1.45563e-05,nan,6.41269e-05,-2.36146e-06,-1.43431e-05,-4.48041e-06,1.85741e-05,2.92041e-05,2.77952e-05,-3.03747e-05,6.39667e-06,-3.99782e-06,nan,-2.74407e-07,-1.22781e-05
omega_S,-3.01062e-05,-6.19324e-05,-3.02786e-06,nan,-8.44012e-05,3.46682e-06,-1.54218e-05,-8.99883e-06,-5.95073e-05,-5.1663e-05,-3.03747e-05,9.34283e-05,-1.33176e-05,1.2688e-05,nan,1.34342e-07,-7.53043e-05
omega_R0,5.44946e-06,1.14825e-05,9.5562e-07,nan,1.7856e-05,-1.02754e-06,9.21194e-07,8.89135e-07,1.02932e-05,1.02233e-05,6.39667e-06,-1.33176e-05,2.99193e-06,-2.11499e-06,nan,-3.26214e-08,-1.13768e-05
omega_gamma,-2.78025e-06,-6.61163e-06,1.28585e-06,nan,-1.92094e-05,8.35082e-07,4.13245e-06,9.18354e-07,-7.9109e-06,-1.03361e-05,-3.99782e-06,1.2688e-05,-2.11499e-06,1.82422e-05,nan,8.01101e-08,-0.000189555
omega_MTT,nan,nan,nan,nan,nan,nan,nan,nan,nan,nan,nan,nan,nan,nan,nan,nan,nan
bPK_central_drug_concentration,-4.69757e-08,-3.2426e-07,-5.19767e-07,nan,-9.10705e-07,2.16334e-08,4.54047e-07,1.58685e-07,-7.8809e-08,-4.24344e-07,-2.74407e-07,1.34342e-07,-3.26214e-08,8.01101e-08,nan,1.83243e-06,-8.37973e-07
acirculating_R,-1.15227e-05,-2.41185e-05,-2.65467e-05,nan,1.16388e-06,1.10287e-05,1.28246e-06,1.94459e-06,1.89966e-05,2.00731e-05,-1.22781e-05,-7.53043e-05,-1.13768e-05,-0.000189555,nan,-8.37973e-07,0.39568
