Cl_pop,1,0.00968685,-0.659032,-0.302499,0.630923,0.535104,0.548222,-0.521111,-0.00221433,0.267844,0.051778,0.685996,0.485118,-0.0966747,0.119376,-0.135557
V1_pop,0.00968685,1,0.0377563,0.0282291,-0.00638832,-0.0221057,-0.0242415,-0.0158022,0.00168055,0.0238864,-0.0187646,-0.0257827,-0.0340333,-0.0139512,-0.000559834,0.00678086
V2_pop,-0.659032,0.0377563,1,0.331308,-0.537229,-0.447078,-0.474,0.225259,0.00450172,-0.0197858,-0.0985505,-0.64467,-0.505826,0.0609198,-0.0305862,0.129505
S_pop,-0.302499,0.0282291,0.331308,1,-0.466397,-0.745758,-0.705481,0.195779,-0.0107891,0.143923,-0.21652,-0.443242,-0.712676,0.0434004,-0.0534539,0.139681
R0_pop,0.630923,-0.00638832,-0.537229,-0.466397,1,0.430746,0.425923,-0.390508,-0.0169526,0.321941,-0.0512226,0.620406,0.511906,-0.281567,0.0753554,-0.128214
gamma_pop,0.535104,-0.0221057,-0.447078,-0.745758,0.430746,1,0.970452,-0.37624,0.0242012,-0.141756,0.324429,0.672028,0.866705,0.102437,0.0914965,-0.187356
MTT_pop,0.548222,-0.0242415,-0.474,-0.705481,0.425923,0.970452,1,-0.344127,0.0267596,-0.158469,0.333609,0.700291,0.874836,0.119886,0.0886011,-0.194095
omega_Cl,-0.521111,-0.0158022,0.225259,0.195779,-0.390508,-0.37624,-0.344127,1,0.0120244,-0.528282,0.00326865,-0.368631,-0.229653,0.125446,-0.12119,0.0640059
omega_V1,-0.00221433,0.00168055,0.00450172,-0.0107891,-0.0169526,0.0242012,0.0267596,0.0120244,1,-0.0262715,0.0074789,0.00727333,0.0183217,0.0253434,-0.00274902,-0.00370339
omega_V2,0.267844,0.0238864,-0.0197858,0.143923,0.321941,-0.141756,-0.158469,-0.528282,-0.0262715,1,-0.431435,0.106137,-0.166366,-0.431265,0.029478,0.0235463
omega_S,0.051778,-0.0187646,-0.0985505,-0.21652,-0.0512226,0.324429,0.333609,0.00326865,0.0074789,-0.431435,1,0.25755,0.345897,0.439408,0.0253891,-0.0872305
omega_R0,0.685996,-0.0257827,-0.64467,-0.443242,0.620406,0.672028,0.700291,-0.368631,0.00727333,0.106137,0.25755,1,0.763867,0.139828,0.0805661,-0.195645
omega_gamma,0.485118,-0.0340333,-0.505826,-0.712676,0.511906,0.866705,0.874836,-0.229653,0.0183217,-0.166366,0.345897,0.763867,1,0.0865576,0.064989,-0.20662
omega_MTT,-0.0966747,-0.0139512,0.0609198,0.0434004,-0.281567,0.102437,0.119886,0.125446,0.0253434,-0.431265,0.439408,0.139828,0.0865576,1,0.0151546,-0.030801
bPK_central_drug_concentration,0.119376,-0.000559834,-0.0305862,-0.0534539,0.0753554,0.0914965,0.0886011,-0.12119,-0.00274902,0.029478,0.0253891,0.0805661,0.064989,0.0151546,1,-0.0176619
acirculating_R,-0.135557,0.00678086,0.129505,0.139681,-0.128214,-0.187356,-0.194095,0.0640059,-0.00370339,0.0235463,-0.0872305,-0.195645,-0.20662,-0.030801,-0.0176619,1
